00 : 1 0 0 0 0 
01 : 0 1 0 0 0 
02 : 0 1 0 0 0 
03 : 1 0 0 0 1 
04 : 1 0 0 0 1 
05 : 1 0 0 0 1 
06 : 1 0 0 0 1 
07 : 1 0 0 0 1 
08 : 1 0 0 0 1 
09 : 1 0 0 0 1 
10 : 1 0 0 0 1 
11 : 1 0 0 0 1 
12 : 1 0 0 0 1 
13 : 1 0 0 0 1 
14 : 1 0 0 0 1 
15 : 1 0 0 0 1 
16 : 1 0 0 0 1 
17 : 1 0 0 0 1 
18 : 1 0 0 0 1 
19 : 1 0 0 0 1 
20 : 1 0 0 0 1 
21 : 1 0 0 0 1 
22 : 1 0 0 0 1 
23 : 1 0 0 0 1 
24 : 1 0 0 0 1 
25 : 1 0 0 0 1 
26 : 1 0 0 0 1 
27 : 1 0 0 0 1 
28 : 1 0 0 0 1 
29 : 1 0 0 0 1 
30 : 1 0 0 0 1 
31 : 1 0 0 0 1 

